0 -695.4985117510657
1 -662.5153214490653
2 -521.8976583668399
3 -400.51512450095305
4 -244.73515044703345
5 -45.473351799651944
6 137.57282257615947
7 312.5515604538801
8 479.0729662665288
9 581.106471432681
10 597.3291833592092
11 572.9422613961755
12 535.0484449793934
13 453.00423630523636
14 304.9540015253749
15 123.98168614156597
16 -48.81485974323255
17 -212.02002039865462
18 -372.9975022228355
19 -502.5997884516028
20 -559.9028031900739
21 -546.9497834952383
22 -502.0757392866263
23 -442.17861223533436
24 -345.60525957226866
25 -198.89170717280047
26 -29.591916732779325
27 125.2020613546261
28 260.52348882021494
29 388.661205911285
30 495.2613322305553
31 540.9918483277946
32 509.9937170223649
33 431.1165206283277
34 339.11099802806575
35 234.49100123700381
36 100.42513547126632
37 -53.94964789496769
38 -192.9125014334552
39 -296.281143236627
40 -377.38187812403703
41 -448.5462657170338
42 -488.4072857037837
43 -463.59501106376234
44 -374.3539272626069
45 -256.68834911802924
46 -138.70460867993486
47 -16.176745565133455
48 119.4049759569265
49 247.6106640202668
50 334.33506023327044
51 373.16042012598285
52 389.08464433349275
53 397.36821088289497
54 378.55579441822726
55 307.1926805289047
56 191.86679926783663
57 68.03251967827174
58 -44.00373696176749
59 -152.82336683952224
60 -263.1459408729675
61 -349.76569934797004
62 -381.09834035967907
63 -359.2200016482457
64 -316.5465808319896
65 -272.6086441185733
66 -213.15062905329398
67 -120.3452701376076
68 -7.531392314110668
69 93.18047167488128
70 170.45494229934076
71 240.0917929370911
72 308.86778509859596
73 351.6859910540343
74 338.9611002236681
75 276.10200370604554
76 197.79311462294203
77 125.3524189713063
78 48.54005831201095
79 -44.447668266435585
80 -136.65252345647698
81 -198.56781467930043
82 -226.5946769543038
83 -245.06403974808913
84 -267.1862076782407
85 -272.1878337614242
86 -233.11136684949963
87 -155.5846763090605
88 -71.95903592495937
89 -0.7912878580838055
90 68.56099255003161
91 145.6010995072578
92 210.937610601196
93 235.32490698620796
94 218.86219241582177
95 191.9538311435784
96 174.82033893953795
97 153.16905230996608
98 104.13107749450575
99 33.38448536392516
100 -30.68966011421411
101 -75.46322426561295
102 -116.77719474244637
103 -166.99257612967958
104 -207.1643132400909
105 -207.0507532106258
106 -165.84999010494514
107 -114.80433718687355
108 -77.50837720970748
109 -44.6412028874587
110 2.4009372830890157
111 56.50288877858312
112 91.41996802939339
113 99.68942237438316
114 104.07356741503501
115 123.70510415920367
116 143.91704023172585
117 134.69804988326013
118 92.11754721845007
119 43.60267458463091
120 10.738945616856466
121 -15.47898595975632
122 -52.08014305258238
123 -90.26562439874563
124 -102.82661248194474
125 -83.22531585796675
126 -58.25504806915262
127 -53.726329372435565
128 -61.36760488136563
129 -53.853622777012674
130 -25.22214557291687
131 1.9647527121879347
132 11.329097508795181
133 16.22118068881547
134 36.66510943476499
135 64.55065207568907
136 70.43290925501067
137 44.18184209188014
138 10.98058757101466
139 -1.0268379477902894
140 4.567284738978311
141 3.97202942840905
142 -8.351906883806071
143 -12.03116359594633
144 5.481119217922239
145 25.488497395572907
146 21.800045107865074
147 -1.769468278260978
148 -15.270076671220714
149 -3.468034158577921
150 14.438563211491497
151 13.522966463416074
152 -2.5585692096108192
153 -11.160090809939618
154 -7.891224833718914
155 -14.459305470543326
156 -44.35678399272163
157 -77.33492600220342
158 -82.15469269475487
159 -56.70827877986145
160 -28.601211770721704
161 -16.136153872849793
162 -6.2550596649366925
163 20.191734508422883
164 55.35304546850294
165 73.6089746991349
166 69.4995489616954
167 67.14380647443244
168 85.34715201383572
169 108.2997717538474
170 104.84674907686862
171 69.33092658294018
172 26.213667186650465
173 -6.128343475342656
174 -38.13216749818283
175 -85.54817194316163
176 -136.45936758173806
177 -160.11418981720453
178 -146.8163511798249
179 -121.02774339847785
180 -107.62678871826749
181 -99.06822465536432
182 -69.76265845000452
183 -15.444620618014474
184 40.039488224653184
185 78.99724719531058
186 112.99159135842223
187 159.71798852759105
188 208.0426466773876
189 224.51688163992418
190 194.5490137352816
191 140.21176636036122
192 89.7313733824424
193 42.95294431908128
194 -18.532405318028268
195 -94.180451770704
196 -157.07822150037103
197 -188.06889563851414
198 -200.6501964482752
199 -218.57220489340477
200 -237.69984661730797
201 -227.84341644091617
202 -172.89588671161266
203 -92.33908528892157
204 -14.650117945853257
205 57.167517459799356
206 137.83304770577382
207 223.44545976828263
208 283.11145314996185
209 293.7717157503197
210 268.7140181509107
211 237.81600432470623
212 207.0536704967704
213 154.72442579084532
214 68.38206171191368
215 -32.13914747439596
216 -118.58033346550658
217 -188.53741499130768
218 -258.85039354566516
219 -328.15455665033164
220 -365.4829952547855
221 -344.5747402613133
222 -276.39888804460924
223 -193.89813656950807
224 -111.3033071272764
225 -15.914032626644634
226 98.49822483980927
227 208.55935977505334
228 284.16633267257066
229 324.0524629234979
230 350.94886407143275
231 372.3081158639417
232 363.7975413169008
233 300.5392762171082
234 192.02494989916855
235 71.52344763480102
236 -43.15810785822837
237 -160.26805047493212
238 -282.6662054760617
239 -383.938607663085
240 -430.7145508331027
241 -420.97016898186257
242 -382.8970562067559
243 -335.10527530962145
244 -264.69499323903995
245 -153.52154445087513
246 -13.10879029886093
247 122.8626702257385
248 236.5366035585554
249 337.8057517831448
250 432.98105266628033
